outfit_id,product_id
0,719
0,958
1,874
1,716
1,586
2,167
2,786
3,966
4,59
5,935
7,790
8,420
8,471
9,327
10,412
10,472
10,955
11,858
11,264
12,417
12,900
13,36
13,790
14,0
15,706
15,103
16,27
16,752
17,607
18,99
18,604
18,777
19,343
20,414
20,471
21,59
21,343
21,751
22,433
22,471
23,708
25,703
25,817
26,32
27,32
29,721
30,430
30,471
31,761
32,429
33,182
35,52
35,399
36,237
38,24
39,237
40,882
40,452
40,738
41,36
41,790
43,708
45,107
46,880
46,370
47,18
48,189
49,545
49,929
50,103
51,826
51,27
52,457
52,882
53,840
54,120
54,761
55,827
55,699
55,857
57,699
57,121
57,759
58,89
61,706
61,103
63,59
63,343
63,751
64,182
65,699
65,121
65,759
67,120
67,761
68,123
68,603
68,751
69,101
69,107
69,790
70,721
70,123
71,602
71,882
72,436
73,701
73,123
73,879
74,733
74,103
74,858
75,436
76,182
77,879
77,708
78,27
79,254
80,881
80,692
82,605
83,882
84,424
85,312
86,721
87,790
90,724
90,902
90,343
91,575
91,964
92,931
93,350
93,827
93,854
94,124
94,902
95,352
95,879
96,695
96,0
96,856
97,58
98,85
99,352
99,879
100,343
101,0
101,856
102,710
102,343
103,1
103,856
123,723
123,120
124,367
125,620
128,820
129,128
129,821
130,128
130,821
134,762
136,865
137,607
137,818
138,182
142,811
144,147
145,864
146,134
149,108
150,108
152,812
153,777
156,867
158,139
160,763
161,367
163,794
164,46
166,1699
167,867
168,777
170,822
171,629
172,765
180,827
180,707
181,812
182,791
184,18
184,365
186,366
186,812
187,762
189,46
190,765
192,821
193,1695
194,710
194,124
194,758
196,147
197,137
200,602
201,812
202,865
203,134
205,820
206,147
207,10
209,902
211,865
212,794
213,245
217,517
217,627
220,792
222,822
224,21
224,790
225,108
227,210
228,792
230,369
230,821
231,46
231,765
232,109
232,792
234,46
236,812
238,791
238,367
242,139
244,701
244,108
247,46
248,794
250,3
251,628
253,136
254,629
254,42
254,821
256,810
259,108
260,147
262,147
263,866
265,123
265,749
269,763
270,865
271,3
272,144
272,867
273,313
274,21
274,790
275,827
275,707
280,475
285,710
285,124
285,758
288,596
288,139
291,596
292,629
293,46
293,765
295,794
296,142
296,841
297,246
299,723
299,120
301,865
302,810
303,139
305,820
309,123
309,749
310,253
311,45
313,18
313,365
319,628
322,822
324,897
325,141
326,810
328,762
329,707
330,141
330,811
331,794
336,366
346,1634
349,1551
350,1549
350,1552
351,1350
351,1779
352,1065
352,1108
353,1523
353,1529
354,1546
354,1094
356,1160
356,1902
357,1157
357,1062
357,813
358,1538
360,1587
360,1743
360,1863
361,1741
362,1299
362,1759
363,1768
363,1655
364,1346
364,1781
365,1911
366,1339
367,1876
367,1007
368,1561
368,1796
369,1727
370,1912
371,1913
372,1341
372,1687
373,1670
375,1531
375,1339
375,1865
376,1439
377,980
377,1863
378,1319
378,1885
379,1530
379,1225
380,1766
381,1879
382,1469
382,1962
383,1203
383,1766
384,1521
384,1719
385,1439
385,1417
385,1742
386,1007
386,1779
387,1543
387,967
387,1780
388,1237
388,1963
389,1296
389,1884
390,1738
391,1736
391,1040
392,1767
393,1536
393,981
394,1009
394,1506
394,1776
395,1348
395,1865
396,1698
396,1540
397,1521
397,1719
398,1192
398,1687
400,1743
401,975
401,1864
402,1019
402,1922
403,2005
403,1031
404,1207
404,1767
405,1729
406,1743
406,1865
407,1339
407,1687
408,1526
409,1007
409,1687
410,1992
411,981
411,1729
412,1530
412,1225
413,1529
413,1523
413,1800
413,1130
414,1306
414,1868
415,1729
416,1492
416,1943
417,1200
417,1766
418,1199
418,1534
418,1684
420,1778
421,1729
423,1524
423,1665
424,977
426,1525
426,1920
427,1129
427,1705
428,1466
428,1705
429,1213
429,1760
430,1139
431,1539
431,1867
432,1288
433,1672
433,1525
433,1543
434,1007
434,1865
435,1204
435,1862
436,1884
437,1918
438,995
438,1482
438,1085
439,972
439,1672
440,1536
441,1062
441,1521
441,1719
442,1542
442,1390
442,1864
443,975
443,1881
444,1492
444,1943
445,1855
445,1063
446,1496
446,1922
447,1682
447,977
448,1349
448,1864
449,1466
449,1705
450,1370
450,1777
451,826
451,1847
452,1767
453,1576
453,1922
454,1002
455,1293
456,1729
458,1512
460,1417
461,1579
462,1003
462,1322
462,1853
463,1339
463,1949
464,1017
464,1866
465,1495
465,1671
466,1775
467,1857
467,1007
469,1293
469,1865
470,1346
470,1873
471,1278
472,1969
473,1389
473,1877
475,1962
476,1729
476,1742
477,1366
477,1865
478,1185
478,1083
480,1966
481,1371
481,1741
481,1750
482,1995
482,1566
483,1743
483,975
483,1881
484,1206
484,1864
485,1203
485,1991
486,1907
486,1467
487,1543
487,1922
487,1372
489,1735
489,1149
490,1323
490,1116
491,1527
491,1390
491,1887
492,1466
492,1705
493,1767
494,1879
495,1780
496,1495
496,1671
497,1224
497,1887
498,1439
499,1863
500,1760
502,1521
502,1719
502,1129
503,1009
503,1506
503,1776
504,1205
504,1960
505,1339
505,1687
506,1921
507,1003
507,1322
507,1853
508,1976
509,1041
510,1863
512,1365
512,1669
514,1207
514,1871
515,1417
515,1428
515,1840
517,1766
518,1719
518,826
519,1539
519,1788
520,1530
520,1225
521,1520
521,1779
522,1863
523,1701
524,1699
525,1736
525,1040
526,1777
527,1466
527,1705
529,1531
529,1339
529,1949
530,1742
530,1879
531,1543
531,967
531,1780
532,1495
532,1671
533,1046
534,1767
534,1047
535,1521
535,1719
536,1521
536,1719
537,1419
537,1435
537,1846
538,980
538,1780
539,1533
539,973
539,1949
540,1019
541,1419
541,1435
541,1846
542,1317
543,1339
543,1863
544,1214
544,1699
546,1524
548,1743
548,1963
550,1921
550,1260
552,1371
552,1862
553,1867
554,1203
554,1991
556,1632
556,1686
557,1963
557,1390
558,1006
559,1228
559,1949
560,1209
561,1531
562,1293
563,1626
563,1440
564,976
565,1969
565,1113
565,1358
566,1486
566,1703
567,971
567,1978
568,1014
568,1768
569,1566
569,1865
570,1802
571,1529
571,1389
571,1867
572,1743
573,1037
573,1486
573,1686
574,1730
575,1489
575,1916
576,732
577,977
577,1949
578,1341
578,1865
579,1358
580,1196
580,1056
581,1533
581,973
581,1949
582,1686
582,25
583,1964
583,1389
584,1530
584,1223
584,1960
585,1998
585,1420
586,1743
586,1865
587,977
587,1865
588,1077
588,1007
590,1340
591,1852
592,1011
592,1872
595,1316
595,1865
597,1630
598,1513
598,1862
599,1767
600,1144
601,1002
602,999
603,967
603,1865
604,1539
604,1520
604,1784
605,1007
605,1293
605,1949
606,971
606,1922
607,1346
607,1873
608,1539
608,1788
610,1531
610,1524
610,1865
611,1495
611,1868
612,1202
612,1700
613,1192
614,1848
614,1016
615,1307
615,1884
616,1418
616,1849
617,980
617,1686
618,1537
618,1774
619,1779
620,1844
620,1537
621,1466
621,1705
622,1361
622,1742
622,1866
623,1230
623,1760
624,1411
624,1848
625,1506
626,1863
628,1032
628,2005
629,974
630,1056
630,1798
631,1743
631,1907
632,1058
632,1485
634,1034
635,1029
637,1029
638,1058
638,1485
640,1484
640,1085
641,2005
642,1186
643,1083
644,1182
644,1686
645,994
646,1035
646,1189
646,2007
650,995
650,1799
651,1687
652,1196
653,995
653,1799
655,1031
655,1084
656,1034
657,1482
657,1037
657,1441
658,1533
658,1799
659,1184
659,1798
660,1030
660,1485
660,1085
663,1189
664,2007
666,1190
667,1036
667,1084
668,1085
669,1995
670,1908
672,1185
672,1951
673,1760
673,1016
674,1719
674,1007
675,1540
676,1146
676,1732
677,1228
677,1874
680,1199
682,1366
682,1730
683,1730
683,975
684,1262
685,1526
685,1767
688,1850
691,977
692,1539
692,1864
693,1705
694,1530
694,967
695,1358
695,1868
697,974
697,1876
698,1522
699,1207
700,1778
703,1528
704,978
704,1874
705,1395
706,1743
706,1879
707,1568
707,1869
708,1741
709,1506
710,1742
710,1494
710,1760
711,1876
714,1632
715,1768
715,1492
717,1506
717,1562
718,1743
720,976
721,1767
721,1741
722,1492
722,1742
722,1874
723,1521
723,1730
724,1562
724,1868
724,1200
725,1530
725,967
726,1742
728,1201
728,1767
730,1766
730,1743
731,1880
732,1487
732,1871
733,1520
734,1203
734,1874
735,1742
736,1530
736,1293
736,1881
737,1869
738,1392
738,1864
739,1880
741,1487
742,1869
743,1766
743,1062
743,1536
745,1506
746,1876
747,1202
748,1390
748,1081
749,1922
749,1129
751,973
751,1869
752,1729
752,1213
752,1135
753,1467
753,1868
754,1876
754,1201
754,1366
755,1564
755,1199
755,1766
756,1539
763,1693
767,1696
769,1772
783,1708
784,1708
796,1769
800,1694
801,1661
806,1563
806,1506
806,1804
808,1506
808,1978
809,1205
809,1684
816,1719
817,1696
818,1767
820,1768
822,1955
828,1486
828,1687
830,1722
832,1675
833,1817
834,1730
836,1869
840,136
843,596
843,139
844,1742
844,1766
852,1743
852,1492
856,1721
859,1661
863,1869
864,1723
865,1389
865,1669
866,1743
866,1492
868,985
870,1633
883,1237
883,1940
885,1676
893,1687
894,1696
895,109
895,792
896,1809
898,977
898,1876
903,985
905,1956
907,1693
908,1772
910,762
911,1228
912,1719
913,967
913,1729
914,1693
916,1201
920,1696
924,1769
927,1772
930,1741
930,1487
930,1871
931,1694
932,1712
933,1694
934,1205
934,1684
935,1267
936,1632
936,1867
938,1711
941,1721
945,1237
945,1873
946,1721
948,1677
953,1767
956,1486
956,1868
960,1819
966,1696
971,1694
972,144
972,867
975,1539
987,1693
988,1711
991,1506
991,1978
1007,1809
1009,1722
1014,977
1014,1876
1017,1570
1017,1694
1018,1808
1020,1399
1020,1847
1026,1237
1026,1940
1027,1240
1030,1486
1030,1687
1033,1766
1034,1696
1040,1769
1043,1675
1047,1539
1047,1868
1048,1264
1051,967
1051,1729
1052,1769
1053,1771
1055,1712
1056,1695
1060,1729
1065,1696
1069,1661
1072,1769
1073,1712
1078,1705
1080,1692
1084,1769
1085,1956
1086,1699
1088,1696
1090,1771
1093,1952
1094,967
1094,1729
1096,1769
1097,1694
1098,985
1100,1705
1105,1769
1106,1869
1107,1769
1109,973
1109,1877
1112,1563
1112,1506
1112,1804
1117,1713
1118,1506
1118,1947
1120,1676
1123,1228
1127,794
1129,1661
1132,1666
1135,1487
1135,1871
1136,137
1138,1267
1140,1632
1140,1867
1145,1738
1151,1696
1155,820
1156,1670
1159,1201
1160,973
1160,1877
1163,1661
1164,973
1164,1877
1167,1693
1168,1633
1169,1952
1172,1539
1172,1687
1175,1771
1176,984
1177,1819
1178,1570
1183,1498
1186,1741
1186,1767
1187,1713
1188,1769
1189,1666
1190,975
1190,1975
1191,1694
1196,1771
1209,1677
1209,1240
